9788532530782,11234567899
9788582183109,11234567899
9780135781869,11234567899
9780131103627,11234567899
9780544003415,11234567899
9788582183109,23456789011
9780135781869,23456789011
9780131103627,23456789011
9780544003415,23456789011
9788532530782,23456789011
9788582183109,88901234566
9780135781869,88901234566
9788532530782,88901234566
9780131103627,88901234566
9780544003415,88901234566
9788582183109,45678901233
9780135781869,45678901233
9788532530782,45678901233
9780131103627,45678901233
9780544003415,45678901233
9788582183109,56789012344
9780135781869,56789012344
9788532530782,56789012344
9780131103627,56789012344
9780544003415,56789012344
9788582183109,67890123455
9780135781869,67890123455
9788532530782,67890123455
9780131103627,67890123455
9780544003415,67890123455